111011110101111011111111111111
101000000100000000000000000001
101111110101111111011110111101
001000000101000010000010111101
101101111111101010111110001001
000000000000001000100000100011
111111101101111010111101111111
101111001100111010100000000000
000001101110110000101111111111
111100001110000001100000000000
01111011011100S001111111111110
000000000000000000000000000000
011111111111101010111101111111
011111111010101010100000000111
000000000000001010111111010111
011111111111111110111111010000
000010100000000000110001011101
101010101111011111111100010000
101010101111011111101110111011
001000100000000000100000010001
011110111111111010110111111111
000111110000101010100000000000
110110111110001010101011111110
010000011110101010101000000010
011111010110101010001011101010
011011010110101010101010111111
011011010110101010100000000000
000000000000101000111111111101
101111111101101010110111111101
0000000000000000000000000000E0
