1111111111111111111111111111111111111111111111111111111111111111111111111111111111111111111111111111
1111111111111111111111111111111111111111111111111111111111111111111111111111111111111111111111111111
1111111111111111111111111111111111111111111111111111111111111111111111111111111111111111111111111111
1111111111111111111111111111111111111111111111111111111111111111111111111111111111111111111111111111
111111111111111000000000000000000000000000000000111E000000000000000000000000000000000000000000011111
1111111111111110111111111111111111111111111111111111111111111111111111111111111111111111111111011111
0000000000000000111111111111111111111111111111111111111111111111111111111111111111111100000000011111
0111111111111111111111111111111111111111111111111111111111111111111111111111111111111101111111111111
0000000000000000111111111111111111111111111111111111111111111111111111111111111111111101111111111111
1111111111111110111111111111111111111111111111111111111111111111111111111111111111111101111111111111
0000000000000000111111111111111111111111111111111111111111111111111111111111111111111101111111111111
0111111111111111111111111111111111111111111111111111111111111111111111111111111111111101111111111111
0000000000000000111111111111111111111111111111111111111111111111111111111111111111111101111111111111
1111111111111110111111111111111111111111111111111111111111111111111111111111111111111101111111111111
0000000000000000111111111111111111111111111111111111111111111111111111111111111111111101111111111111
0111111111111111111111111111111111111111111111111111111111111111111111111111111111111101111111111111
0000000000000000111111111111111111111111111111111111111111111111111111111111111111111101111111111111
1111111111111110000000000000000000000000000000000000000000000000000000000000000000000000000000000001
0000000000000000111111111111111111111111111111111111111111111111111111111111111111111111110111111101
0111111111111111111111111111111111111111111111111111111111111111111111111111111111111111110111111101
0000000000000000111111111111111111111111111111111111111111111111111111111111111111111111110111111101
1111111111111110111111111111111111111111111111111111111111111111111111111111111111111111110111111101
0000000000000000111111111111111111111111111111111111111111111111111111111111111111111111110111111101
0111111111111111111111111111111111111111111111111111111111111111111111111111111111111111000000000001
0000000000000000111111111111111111111111111111111111111111111111111111111111111111111111011111111101
1111111111111110111111111111111111111111111111111111111111111111111111111111111111111111011111111101
0000000000000000111111111111111111111000000000000000000000000000000000000000011111111111011111111101
0111111111111111111111111111111111111011111111111111111111111110111111111111011111111110000000000001
0000000000000000111111111111111111111011111111111111111111111110111111111111011111111110111111111111
1111111111111110111111111111111111111011111111111111111111111110111111111111011111111110111111111111
0000000000000000111111111111111111111011111111111111111111111110000000000000000001111110111111111111
0111111111111111111111111111111111111011111111111111111111111110111111111111111101111000000000000001
0000000000000000111111111111111111111011111111111111111111111110111111111111111101111011111111111101
1111111111111110111111111111111111111011111111111111111111111000000000000000000000000011111111111101
0000000000000000111111111111111111111011111111111111111111111011111111111111111111111111111111111101
0111111111111111111111111111111111111011111111111111111111111011111111111111111111111111111111111101
0000000000000000111111111111111111111011111111111111111111111011111111111111111111111111111111111101
1111111111111110111111111111111111111011111111111111111100000000000000000000000000000000000000000001
0000000000000000111111111111111111111011111111111111111101111111111111111111111111111111111111111111
0111111111111111111111111111111111111011111111111111111101111111111111111111111111111111111111111111
0000000000000000111111111111111111111011111111111111111101111111111111111111111111111111111111111111
1111111111111110111111111111111111111011111111111111111101111111111111111111111111111111111111111111
0000000000000000111111111111111111111011111111111111111101111111111111111111111111111111111111111111
0111111111111111111111111111111111111011111111111111111101111111111111111111111111111111111111111111
0000000000000000111111111111111111111011111111111111111101111111111111111111111111111111111111111111
1111111111111110111111111111111111111011111111111111111101111111111111111111111111111111111111111111
0000000000000000111111111111111111111011111111111111111101111111111111111111111111111111111111111111
0111111111111111111111111111111111111000000000000000000001111111111111111111111111111111111111111111
0000000000000000111111111111111111111011111111111111111101111111111111111111111111111111111111111111
1111111111111110111111111111111111111011111111111111111101111111111111111111111111111111111111111111
0000000000000000111111111111111111111011111111111111111101111111111111111111111111111111111111111111
0111111111111111111111111111111111111011111111111111111101111111111111111111111111111111111111111111
0000000000000000111111111111111111111011111111111111111101111111111111111111111111111111111111111111
1111111111111110111111111111111111111011111111111111111101111111111111111111111111111111111111111111
0000000000000000111111111111111111111011111111111111111100000000000000000000000000000000000000000001
0111111111111111111111111111111111111011111111111111111111111111111111111111111111111111111111111101
0000000000000000111111111111111111111011111111111111111111111111111111111111111111111111111111111101
1111111111111110111111111111111111111011111111111111111111111111111111111111111111111111111111111101
0000000000000000111111111111111111111011111111111111111111111111111111111111111111111111111111111101
0111111111111111111111111111111111111011111111111111111111111111111111111111111111111111111111111101
0000000000000000111111111111111111111011111111110000000000000000000000000000000000000000000000000001
1111111111111110111111111111111111111011111111110111111111111111111111111111111111111111111111111111
0000000000000000111111111111111111111011111111110111111111111111111111111111111111111111111111111111
0111111111111111111111111111111111111011111111110111111111111111111111111111111111111111111111111111
0000000000000000111111111111111111111011111111110111111111111111111111111111111111111111111111111111
1111111111111110111111111111111111111011111111110111111111111111111111111111111111111111111111111111
0000000000000000111111111111111111111011111111110111111111111111111111111111111111111111111111111111
0111111111111111111111111111111111111011111111110111111111111111111111111111111111111111111111111111
0000000000000000111111111111111111111011111111110111111111111111111111111111111111111111111111111111
1111111111111110111111111111111111111011111100000000000000000000000000000000000000000000000000000001
0000000000000000111111111111111111111011111101111111111111111111111111111111111111111111111111111101
0111111111111111111111111111111111111011111101111111111111111111111111111111111111111111111111111101
0000000000000000111111111111111111111011111101111111111111111111111111111111111111111111111111111101
1111111111111110111111111111111100000000000000000000000000000000000000000000000000000000000000000001
0000000000000000111111111111111101111111111111111111111111111111111111111111111111111111101111111111
0111111111111111111111111111111101111111111111111111111111111111111111111111111111111111101111111111
0000000000000000111111111111111101111111111111111111111111111111111111111111111111111111101111111111
1111111111111110111111111111111101111111111111111111111111111111111111111111111111111111101111111111
0000000000000000111111111111111101111111111111111111111111111111111111111111111111111111101111111111
0111111111111111111111111111111101111111111111111111111111111111111111111111111111111111101111111111
0000000000000000111111111111111101111111111111111111111111111111111111111111111111111111101111111111
1111111111111110111000000000000001111111111111111111111111111111111111111111111111111111101111111111
1100010001000000111011111111111111111111111111111111111111111111111111111111100000000000000000000000
1101010101000000111011111111111111111111111111111111111111111111111111111111101111111111111111111110
11010101010S0000000000000000000001111110000000111111000000011111100000001111101111111111111111111110
1101010101000000111111111111111101111110111110111111011111011111101111101111101111111111111111111110
1101000100001111111111111111111101111110111110111111011111011111101111101111101111111111111111111110
1101111111111111111111111111111101111110111110111111011111011111101111101111101111000000000000011110
0000000000000000111111111111111101111110111110111111011111011111101111101111101111011111111111011110
1111111111111110111111111111111101111110111110111111011111011111101111101111101111011110000000011110
0000000001000000111111111111111101111110111110111111011111011111101111101111101111011110111111111110
0111111111111111111111111111111101111110111110111111011111011111101111101111101111011110111111111110
0000000000000000111111111111111101111110111110111111011111011111101111101111101111011110111111111110
1111111111111110111111111111111101111110111110111111011111011111101111101111101111011110111111111110
0000000000000000111111111111111100000000111110000000011111000000001111100000001111011110000000000000
0111111111111111111111111111111101111111111111111111111111111111111111111111111111011111111111111111
0000000000000000111111111111111101111111111111111111111111111111111111111111111111011111111111111111
1111111111111110111111111111111100000000000000000000000000000000000000000000000000011111111111111111
0000000000000000111111111111111111111111111111111111111111111111111111111111111111111111111111111111
0111111111111111111111111111111111111111111111111111111111111111111111111111111111111111111111111111
